(10,20) (255,0,0)
(30,40) (0,255,0)
(50,60) (0,0,255)
(70,80) (255,255,0)
(90,100) (23,28,245)
(110,120) (25,7,255)
(130,140) (128,128,128)
(150,160) (25,25,25)
(170,180) (0,0,0)
(190,200) (128,128,128)
(210,220) (255,165,0)
(230,240) (255,20,147)
(250,260) (0,128,0)
(270,280) (123,104,238)
(290,300) (255,105,180)
(310,320) (255,153,51)
(330,340) (255,255,0)
(350,360) (0, 255, 0)
(370,380) (0,0,255)
(390,400) (255,255,255)
(410,420) (0,0,0)
(430,440) (128,128,128)
(450,460) (255,165,0)
(470,480) (255,20,147)
(490,500) (0,128,0)
(510,520) (123,104,238)
(530,540) (255,105,180)
(550,560) (255,153,51)
(570,580) (255,255,0)
(590,600) (0,255,0)
(610,620) (0,0,255)
(630,640) (255,255,255)
(650,660) (0,0,0)
(670,680) (128,128,128)
(690,700) (255,165,0)
(710,720) (255,20,147)
(730,740) (0,128,0)
(750,760) (123,104,238)
(770,780) (255,105,180)
(790,800) (255,153,51)
(810,820) (255,255,0)
(830,840) (0,255,0)
(850,860) (0,0,255)
(870,880) (255,255,255)
(890,900) (0,0,0)
(910,920) (128,128,128)
